image: robuddy.png
resolution: 0.048
origin: [-21.500, -2.500000, 0.000000]
negate: 0
occupied_thresh: 0.65
free_thresh: 0.196

